0
0
0
0
0
0
0
0
0
0
0
0
0
0
0
0
0
0
0
0
0
0
0
0
0
0
0
0
0
0
0
0
0
0
0
0
0
0
0
0
0
0
0
0
0
0
0
0
0
0
0
0
0
0
0
0
0
0
0
0
0
0
0
0
0
0
0
0
0
0
0
0
0
0
0
0
0
0
0
0
0
0
0
0
0
0
0
0
0
0
0
0
0
0
0
0
0
0
0
0
0
0
0
0
0
0
0
0
0
0
0
0
0
0
0
0
0
0
0
0
0
0
0
0
0
0
0
0
0
0
0
0
0
0
0
0
0
0
0
0
0
0
0
0
0
0
0
0
0
0
0
0
0
0
0
0
0
0
0
0
0
0
0
0
0
0
0
0
0
0
0
0
0
0
0
0
0
0
0
0
0
0
0
0
0
0
0
0
0
0
0
0
0
0
0
0
0
0
0
0
0
0
0
0
0
0
0
0
0
0
0
0
0
0
0
0
0
0
0
0
0
0
0
0
0
0
0
0
0
0
0
0
0
0
0
0
0
0
0
0
0
0
0
0
0
0
0
0
0
0
0
0
0
0
0
0
0
0
0
0
0
0
0
0
0
0
0
0
0
0
0
0
0
0
0
0
0
0
0
0
0
0
0
0
0
0
0
0
0
0
0
0
0
0
0
0
0
0
0
0
0
0
0
0
0
0
0
0
0
0
0
0
0
0
0
0
0
0
0
0
0
0
0
0
0
0
0
0
0
0
0
0
0
0
0
0
0
0
0
0
0
0
0
0
0
0
0
0
0
0
0
0
0
0
0
0
0
0
0
0
0
0
0
0
0
0
0
0
0
0
0
0
0
0
0
0
0
0
0
0
0
0
0
0
0
0
0
0
0
0
0
0
0
0
0
0
0
0
0
0
0
0
0
0
0
0
0
0
0
0
0
0
0
0
0
0
0
0
0
0
0
0
0
0
0
0
0
0
0
0
0
0
0
0
0
0
0
0
0
0
0
0
0
0
0
0
0
0
0
0
0
0
0
0
0
0
0
0
0
0
0
0
0
0
0
0
0
0
0
0
0
0
0
0
0
0
0
0
0
0
0
0
0
0
0
0
0
0
0
0
0
0
0
0
0
0
0
0
0
0
0
0
0
0
0
0
0
0
0
0
0
0
0
0
0
0
0
0
0
0
0
0
0
0
0
0
0
0
0
0
0
0
0
0
0
0
0
0
0
0
0
0
0
0
0
0
0
0
0
0
0
0
0
0
0
0
0
0
0
0
0
0
0
0
0
0
0
0
0
0
0
0
0
0
0
0.000936321
0.0062217
0.0115065
0.0167907
0.0220744
0.0240138
0.0223714
0.0213714
0.0203714
0.0866591
0.12116
0.13464
0.131904
0.130904
0.129904
0.128904
0.127904
0.223311
0.305611
0.389895
0.475667
0.513985
0.536195
0.558777
0.58279
0.606788
0.630773
0.65475
0.678723
0.702688
0.710353
0.692418
0.691418
0.690418
0.689418
0.688418
0.687418
0.686418
0.685418
0.684418
0.683418
0.682418
0.681418
0.680418
0.679418
0.678418
0.677418
0.676418
0.675418
0.674418
0.673418
0.672418
0.671418
0.670418
0.669418
0.668418
0.667418
0.666418
0.665418
0.664418
0.663418
0.662418
0.661418
0.660418
0.659418
0.658418
0.657418
0.656418
0.655418
0.654418
0.653418
0.652418
0.651418
0.650418
0.649418
0.648418
0.647418
0.646418
0.645418
0.644418
0.643418
0.642418
0.641418
0.640418
0.639418
0.638418
0.637418
0.636418
0.635418
0.634418
0.633418
0.632418
0.631418
0.630418
0.629418
0.628418
0.627418
0.626418
0.625418
0.624418
0.623418
0.622418
0.621418
0.620418
0.619419
0.618419
0.617419
0.616419
0.615419
0.614419
0.613419
0.612419
0.611419
0.610419
0.609419
0.608419
0.607419
0.606419
0.605419
0.604419
0.603419
0.602419
0.601419
0.600419
0.599419
0.598419
0.597419
0.596419
0.595419
0.594419
0.593419
0.592419
0.591419
0.590419
0.589419
0.588419
0.587419
0.586419
0.585419
0.584419
0.583419
0.582419
0.581419
0.580419
0.579419
0.578419
0.577419
0.576419
0.575419
0.574419
0.573419
0.572419
0.571419
0.570419
0.569419
0.568419
0.567419
0.566419
0.565419
0.564419
0.563419
0.562419
0.561419
0.560419
0.559419
0.558419
0.557419
0.556419
0.555419
0.554419
0.553419
0.552419
0.551419
0.550419
0.549419
0.548419
0.547419
0.546419
0.545419
0.544419
0.543419
0.542419
0.54142
0.54042
0.53942
0.53842
0.53742
0.53642
0.53542
0.53442
0.53342
0.59825
0.642214
0.638199
0.637199
0.636199
0.635199
0.634199
0.633199
0.632199
0.631199
0.630199
0.629199
0.628199
0.627199
0.626199
0.625199
0.624199
0.623199
0.622199
0.621199
0.620199
0.619199
0.618199
0.617199
0.616199
0.615199
0.614199
0.613199
0.612199
0.611199
0.610199
0.609199
0.608199
0.607199
0.606199
0.605199
0.604199
0.603199
0.602199
0.601199
0.600199
0.599199
0.598199
0.597199
0.596199
0.595199
0.594199
0.593199
0.592199
0.591199
0.590199
0.589199
0.588199
0.587199
0.586199
0.585199
0.584199
0.583199
0.582199
0.581199
0.580199
0.579199
0.578199
0.577199
0.576199
0.575199
0.574199
0.5732
0.5722
0.5712
0.5702
0.5692
0.5682
0.5672
0.5662
0.5652
0.5642
0.5632
0.5622
0.5612
0.5602
0.5592
0.5582
0.5572
0.5562
0.5552
0.5542
0.5532
0.5522
0.5512
0.5502
0.5492
0.5482
0.5472
0.5462
0.5452
0.5442
0.5432
0.5422
0.5412
0.5402
0.5392
0.5382
0.5372
0.5362
0.5352
0.5342
0.5332
0.5322
0.5312
0.5302
0.5292
0.5282
0.5272
0.5262
0.5252
0.5242
0.5232
0.5222
0.5212
0.5202
0.5192
0.5182
0.5172
0.5162
0.5152
0.5142
0.5132
0.5122
0.5112
0.5102
0.5092
0.5082
0.5072
0.5062
0.5052
0.5042
0.5032
0.5022
0.5012
0.5002
0.4992
0.4982
0.751689
0.913945
1.04588
1.14756
1.21912
1.26059
1.27196
1.25325
1.25225
1.25125
1.25025
1.24925
1.24825
1.24725
1.24625
1.24525
1.24425
1.24325
1.24225
1.24125
1.24025
1.23925
1.23825
1.23725
1.23625
1.23525
1.23425
1.23325
1.23225
1.23125
1.23025
1.22925
1.22825
1.22725
1.22625
1.22525
1.22425
1.22325
1.22225
1.22125
1.22025
1.21925
1.21825
1.21725
1.21625
1.21525
1.21425
1.21325
1.29412
1.29412
1.29412
1.29412
1.29412
1.29412
1.29412
1.28356
1.28256
1.28156
1.28056
1.27956
1.27856
1.27756
1.27656
1.27556
1.27456
1.27356
1.27256
1.27156
1.27056
1.26956
1.26856
1.26756
1.26656
1.26556
1.26456
1.26356
1.26256
1.26156
1.26056
1.25956
1.25856
1.25756
1.25656
1.25556
1.25456
1.25356
1.25256
1.25156
1.25056
1.24956
1.24856
1.24756
1.24656
1.24556
1.24456
1.24356
1.24256
1.24156
1.24056
1.23956
1.23856
1.23756
1.23656
1.23556
1.23456
1.23356
1.23256
1.23156
1.23056
1.22956
1.22856
1.22756
1.22656
1.22556
1.22456
1.22356
1.22256
1.22156
